 8147236 1354770 9057919 8350085 1269868 9688677 9133758 2210340 6323592 3081670
  975404 5472205 2784982 1883819 5468815 9928813 9575068 9964613 9648885 9676949
 1576130 7258389 9705927 9811096 9571669 1098617 4853756 7981058 8002804 2970294
 1418863   47834 4217612 1124645 9157355 6397633 7922073 8784306 9594924 5036626
 6557406 7979286  357116 3612940 8491293 2119243 9339932 6813595 6787351 3987385
 7577401 7406472 7431324 4747586 3922270 4220876 6554778 1738651 1711866 3019131
 7060460 7972799  318328 3165504 2769229 8724288  461713 1491139  971317 9940684
 8234578 8219032 6948286 1251827 3170994 7637500 9502220 4905890  344460 6636055
 4387443 1258966 3815584 2102090 7655167  512164 7951999  364412 1868726 4087311
 4897643 4579891 4455861 4875689 6463130 7939749 7093648 9208747 7546866 8075310
 2760250 7057742 6797026   28184 6550980 7107038 1626117 6439609 1189976 4560328
 4983640 7739171 9597439 5737546 3403857 8767574 5852677 8081754 2238119  177738
 7512670 8212459 2550951 8208407 5059570 9400740 6990767 4126665 8909032 4231651
 9592914 5809566 5472155 1580575 1386244 7617312 1492940 2301560 2575082 8097345
 8407172 9885216 2542821 3324482 8142848 2998317 2435249  135391 9292636 2172378
 3499837 9073647 1965952 8484677 2510838 9550175 6160446 7788977 4732888 9874596
 3516595  675953 8308286 7935975 5852640 5945035 5497236 7327987 9171936 6952328
 2858390 6798197 7572002 3923204 7537290 5615574 3804458 2080680 5678216 5273714
  758542 4042085  539501 3527624 5307975 5928238 7791672 3563451 9340106 9649663
 1299062 1544384 5688236 3949082 4693906 3872959  119020 7269547 3371226 3885698
 1621823 9274928 7942845 4361175 3112150 8626781 5285331 6203600 1656487 1195471
 6019819 4719568 2629712 3402196 6540790 5298419 6892144 7161007 7481515 9883793
 4505415 7204934  838213 9125774 2289769 5054985 9133373 5582687 1523780 5031900
 8258169 4624742 5383424 5465919 9961347 4475844  781755 8544509 4426782 6042314
 1066527 4985441 9618980 9799256   46342  343173 7749104 9770020 8173032 3631864
 8686947 6795196  844358 3462333 3997826 8558751 2598704  450595 8000684 6601194
 4314138 7499409 9106475 1329960 1818470 9823605 2638029  953551 1455389 2826732
 1360685 8021114 8692922  775570 5797045 6273843 5498602   80939 1449547 6802870
 8530311 5339331 6220551 4386668 3509523 1995512 5132495 1380013 4018080 3823329
  759666 7624212 2399161  404711 1233189 2529559 1839077 5047709 2399525 8226049
 4172670 9817231  496544 8234554 9027161 3018273 9447871  479442 4908640 2478476
 4892526 5440561 3377194 8877261 9000538 3438395 3692467  332685 1112027 1628721
 7802520 8773639 3897388 2103018 2416912 2727530 4039121 4924419  964545 2234199
 1319732 4903014 9420505 9549433 9561345 6519686 5752085 7575036  597795 4352456
 2347799 5528812 3531585  531525 8211940 3225107  154034 4049813  430237 9084336
 1689900 8091372 6491154 2582958 7317223 1298465 6477459 4933268 4509237 3785004
 5470088 7184699 2963208 2878049 7446928 6234355 1889550 8118739 6867754 3125079
 1835111 3857105 3684845 3439297 6256185 8157690 7802274 6692851  811257 3794188
 9293859 4584969 7757126 3036139 4867916 9105649 4358585 4886177 4467837 7557898
 3063494 1080619 5085086 3935898 5107715 8701867 8176277 3608607 7948314 9171179
 6443181 5438055 3786093 1401438 8115804 1998728 5328255 9489250 3507271 9901099
 9390015 2400759 8759428  165205 5501563 3886151 6224750 7796893 5870447 4766380
 2077422 5401380 3012463  184508 4709233 9001831 2304881 1944953 8443087 8859981
 1947642 4412234 2259217 1478290 1707080 2395024 2276642 7996531 4356986 4730150
 3111022  898231 9233796 6445505 4302073 6330636 1848163 5843822 9048809 7266543
 9797483 3546381 4388699 6804066 1111192 7073215 2580646 1623285 4087198 1337363
 5948960 4495560 2622117  420541 6028430 7973641 7112157 1675557 2217467 8312142
 1174176 3249635 2966758 6557798 3187782 4201899 4241667 7819091 5078582 1131925
  855157 9935347 2624822 1815729 8010146 7629314  292202 2659206 9288541 2441382
 7303308 1007384 4886089 3443279 5785250 2816273 2372835 9686403 4588488 2137727
 9630885 6059282 5468057 2265513 5211358 1899055 2315943 4015714 4888977 4132906
 6240600 1701522 6791355 2990518 3955152 6364685 3674366 1515741 9879819 7692431
  377388 8839686 8851680 9592216 9132868  180662 7961838 5828463  987122 7668540
 2618711 3277977 3353568 1290661 6797279 2919607 1365531 8471096 7212275 2307643
 1067618 5019743 6537573   15979 4941739  125388 7790517 2865865 7150370  986990
 9037205 3847552 8909225 3553486 3341630 7199709 6987458  654450 1978098 5138591
  305409 4239783 7440742 6898012 5000224 2539431 4799221 4015195 9047222 2644765
 6098666 9342505 6176663 4725252 8594423 6109161 8054894 4884018 5767215 5145195
 1829224 2450192 2399320 3330052 8865119 5023623  286741 5960579 4899013 3101559
 1679271 9629975 9786806 2324003 7126944 7469042 5004716 3225329 4710883 3182321
  596188 9524720 6819719 5347210  424311 8718051  714454 9346026 5216498 6671140
  967300 2896894 8181485  655244 8175470 2318886 7224395 7047237 1498654 1951074
 6596052 4222183 5185949 9360550 9729745 1422172 6489914 6431810 8003305 4727321
 4537977 4369329 4323915 2443196 8253137 5059194  834698 9069440 1331710  765039
 1733886 7139039 3909378 6172049 8313797 1890841 8033643 3969818  604711 2776640
 3992577 8580993 5268758 9089365 4167994 6172790 6568598 1808187 6279733 5150237
 2919840 8246317 4316511 3593244  154871 8161170 9840637 2933882 1671684 1721178
 1062163 4927895 3724097 1953247 1981183 8643074 4896876 2041971 3394934 6162722
 9516304 8780505 9203320 3924690  526769 9465772 1666982 2691194 9718774 4228356
 5639648 5478708 5983689 9427369 1312218 4177441 5667773 9830524 5543802 3014549
 3104899 7010987 1206489 6663388 7377908 5391264 2427236 6981055 8228591 6665279
 1854759 1781324 3126769 1280143 8817254 9990803 6742129 1711210 7392975  326008
  625432 5611997 1315615 8818665  899529 6691753   83144 1904332 4565104 3689165
 6343033 4607259 5297629 9816379 4978694 1564049 3357978 8555228 2528233 6447645
 2336754 3762722 1731630 1909236 5959810 4282529 7268931 4820220 8775730 1206116
 7071597 5895074 2347656 2261876 4779957 3846191  182117 5829863 7473311 2518061
 6547235 2904406  780669 6170908 4727691 2652809 9964750 8243762 5320975 9826633
 8994360 7302487 7729009 3438770 2037596 5840693 9071086 1077690 3748125 9063081
 8480888 8796537 3266992 8177605 3267366 2607279 6592106 5943562 5867649  225125
  489832 4252593 7699656 3127188 4917521 1614847 4881840 1787661 4291265 4228856
 3947277  942293 7764538 5985236 9747543 4709242 7485051 6959493 6345020 6998878
  721802 6385307 6333632  336038 5289206  688061 2961676 3195997 3253278 5308642
 6311199 6544457 9945054 4076191 5160478 8199812 7244539 7183589 2455747 9686493
 3323391 5313339 7486091 3251456 6829664 1056292 6812713 6109586  788423 7788022
 4589362 4234529 6981468  908232  678848 2664714  691400 1536567 5270428 2810053
 2620487 4400851 4833751 5271427 1308054 4574243  944407 8753715 1203816 5180521
 9698372 9436226 7562816 6377091 2681763 9576939 7249059 2407070 4157625 6761223
 4747184 2890645  554414 6718081 6137441 6951404 4906191  679927 9044748 2547901
 9352142 2240400 9182766 6678327 3038252 8443921 7901017 3444624 2262274 7805196
 4489518 6753320 5101089   67153 2306319 6021704 7118807 3867711 9844526 9159912
 6552132   11510 2726669 4624491 4690155 4243490   30012 4609163 4464239 7701597
 9709441 3224718 7847392 2151090 4713571 2475850  357627 8064510 1758744 4863710
 7217580 4075019 4734859 2156292 1527211 5402520 3411246 7230242 6073892 2836939
 1917452 5428620 7384268 7559246 2428495 3319772 9174243 8017629 2690615 8570724
 7655000  148917 1886619 8849426 2874981 5930869  911134  862172 5762093 9248759
 6833632 9137195 5465931 9807567 4257288 9000221 6444427 9497145 6476176 9345219
 6790167   83242 6357867 7777940 9451741  259588 2089349 5878770 7092816 6497807
 2362305 3282364 1193962 1110793 6073039 1242726 4501376 9739150 4587254 5332294
 6619447 6623002 7702855 7082576 3502180  687385 6620096 2059555 4161585 4334296
 8419291  111925 8329168  692625 2564409 3430618 6134607 3122300 5822491 9927426
